shadingModel: 1
albedo: [0.498069525, 0.498069525, 0.498069525]
albedoMap: 1
emission: [0, 0, 0]
metallic: 0.200000003
roughness: 0.800999999
textureTiling: [1, 1]